378
4
126
107
225
426
475
155
209
319
360
442
350
155
323
287
278
337
427
284
115
3
261
29
222
172
63
257
298
452
29
222
172
63
257
298
452
88
399
204
88
399
204
427
81
118
415
179
477
333
470
351
175
194
380
474
21
427
327
161
197
130
247
162
40
375
243
97
385
53
362
217
356
256
230
460
237
423
74
205
371
98
359
94
314
264
327
66
149
247
151
135
430
137
255
457
152
42
387
206
374
318
294
424
470
252
494
418
463
420
236
97
353
121
289
98
271
153
348
275
47
176
447
137
401
226
287
218
1
273
308
194
35
367
331
53
304
434
123
61
269
408
103
228
11
53
282
308
348
156
186
498
194
112
158
197
371
157
23
243
464
275
416
189
111
41
62
485
290
236
293
337
30
286
5
138
72
218
125
347
444
478
370
345
87
309
0
423
209
133
181
147
411
379
96
493
492
413
117
469
491
296
18
112
363
349
468
408
106
19
124
152
31
175
299
486
405
71
102
301
41
138
276
156
54
145
425
150
190
11
146
158
101
156
356
148
460
257
481
237
341
92
316
189
9
29
116
235
80
110
88
420
311
315
427
352
19
362
57
217
423
317
217
95
372
465
50
374
318
151
25
147
90
365
460
449
322
87
147
24
29
190
70
79
423
226
347
286
228
4
128
97
199
263
314
23
374
221
316
43
479
241
416
429
84
440
330
446
354
478
30
431
215
33
188
232
247
137
172
146
117
264
145
314
22
428
447
326
50
436
75
100
271
103
45
287
273
141
495
482
396
401
431
250
473
197
382
166
75
81
276
236
49
169
425
215
96
102
406
156
492
3
395
418
403
429
160
111
487
401
459
105
142
189
250
216
332
395
340
324
45
281
250
468
159
338
50
101
178
330
191
171
234
338
490
392
6
13
347
44
36
270
178
174
122
171
94
360
419
209
382
200
261
82
110
211
253
426
259
64
378
59
433
157
209
288
371
303
198
358
209
319
48
296
288
274
102
76
346
488
244
190
182
468
447
490
409
152
227
278
138
79
254
282
165
477
337
21
464
333
300
290
161
61
499
63
152
465
293
336
108
177
79
270
320
188
376
464
209
219
378
218
75
420
219
129
65
265
131
310
437
80
111
12
188
453
29
121
468
384
338
444
358
391
169
461
0
483
462
